total_investment_cost = 2.6896666666820003e6
total_operational_cost = 4.929137826203927e8
runtime = 0.400252042
