total_investment_cost = 1.673550000027e7
total_operational_cost = 1.3408660278881449e8
runtime = 1.171752584
