total_investment_cost = 2.677750000023e6
total_operational_cost = 2.4418598910830986e8
runtime = 0.422964208
