total_investment_cost = 2.667416666705e6
total_operational_cost = 1.4998968968316576e8
runtime = 0.483308833
