total_investment_cost = 2.1888183333600998e7
total_operational_cost = 2.351647458919305e8
runtime = 0.927969959
