total_investment_cost = 5.789816666831e6
total_operational_cost = 2.9728723277574223e7
runtime = 2.371272417
