total_investment_cost = 2.384833333342e6
total_operational_cost = 1.7844015052778673e8
runtime = 1.257470417
