total_investment_cost = 1.3225200000264e7
total_operational_cost = 9.966329349581209e7
runtime = 0.903486833
