total_investment_cost = 1.233103333357e7
total_operational_cost = 9.695715543472737e7
runtime = 0.601684083
