total_investment_cost = 1.399666666802e6
total_operational_cost = 3.2578755385273807e7
runtime = 1.058428667
