total_investment_cost = 2.649583333345e6
total_operational_cost = 1.8234302936465034e8
runtime = 0.301936625
