total_investment_cost = 1.1896050000273e7
total_operational_cost = 8.286130378354183e7
runtime = 1.901754
